>> ex6_8

x =

    0.5200    3.1000    8.0000   17.9500   28.6500   39.6200   50.6500   78.0000  104.6000  156.6000  208.6000  260.7000  312.5000  364.4000  416.3000  468.0000  494.0000  507.0000  520.0000


y =

    5.2880    9.4000   13.8400   20.2000   24.9000   28.4400   31.1000   35.0000   36.9000   36.6000   34.6000   31.0000   26.3400   20.9000   14.8000    7.8000    3.7000    1.5000    0.2000


dy0 =

    1.8655


dyn =

   -0.0461


xi =

     2    30   130   350   515


yi =

    7.8252   25.3862   37.2138   22.4751    0.5427


yider =

    1.5568    0.3549   -0.0104   -0.1078   -0.0899


yider2 =

   -0.2213   -0.0078   -0.0014   -0.0002    0.0081